      0/19     1.18G   0.06487   0.01504         0    0.0799        11       640    0.6087    0.5982    0.6004    0.2237   0.05836  0.009601         0
      1/19     24.4G   0.05264   0.01048         0   0.06312        10       640    0.8939    0.6982    0.7771    0.3656   0.05064   0.00598         0
      2/19     23.2G   0.05125  0.007953         0   0.05921         7       640    0.8293    0.8047    0.8082    0.3889   0.05293  0.005036         0
      3/19     23.3G   0.05195  0.007907         0   0.05986        15       640    0.9875    0.9586     0.987    0.6804   0.04422   0.00418         0
      4/19     23.3G   0.05009  0.007254         0   0.05734         9       640    0.7393    0.9231    0.8032    0.3029    0.0503  0.003956         0
      5/19     24.5G   0.04729  0.007067         0   0.05436        13       640    0.8992    0.9527    0.9653    0.5923   0.04713  0.003486         0
      6/19     24.5G   0.04861  0.006545         0   0.05515        13       640    0.9114    0.8519    0.8981    0.5164   0.04947  0.005045         0
      7/19     24.5G   0.04894  0.006895         0   0.05583        12       640    0.8998    0.7456    0.8905    0.6225   0.04507  0.004891         0
      8/19     24.5G    0.0459  0.007531         0   0.05343        13       640    0.7527    0.3609    0.4285    0.2578   0.05374  0.007252         0
      9/19     24.5G   0.04796  0.007141         0    0.0551        14       640    0.7713    0.2604    0.3545    0.2098   0.05011  0.007343         0
     10/19     24.6G   0.04316  0.006879         0   0.05004        10       640    0.9662    0.8462    0.9438    0.6842   0.04725  0.003946         0
     11/19     24.6G   0.04524  0.006213         0   0.05145        13       640    0.9879    0.9644    0.9899    0.7802   0.04249  0.003379         0
     12/19     24.6G    0.0461  0.006595         0   0.05269        11       640     0.976    0.9633    0.9889     0.761   0.04196  0.003424         0
     13/19     24.6G    0.0404  0.006311         0   0.04671        18       640     0.976    0.9645    0.9908    0.8043   0.04158   0.00355         0
     14/19     24.6G   0.03565    0.0062         0   0.04185        12       640     0.994    0.9882    0.9946    0.8635   0.03879  0.002755         0
     15/19     24.6G   0.03328  0.006037         0   0.03931        13       640    0.9766    0.9882    0.9943     0.844   0.03853   0.00297         0
     16/19     24.6G   0.03029  0.005601         0    0.0359        14       640     0.994    0.9822    0.9935    0.8729   0.03428    0.0031         0
     17/19     24.6G   0.02791  0.005595         0    0.0335         5       640    0.9941         1    0.9951    0.8769   0.03892  0.002472         0
     18/19     24.6G   0.02772  0.005427         0   0.03315        16       640    0.9941         1    0.9947    0.9385   0.03452  0.002384         0
     19/19     24.6G   0.02473  0.005092         0   0.02982        16       640    0.9882    0.9941    0.9939    0.9086   0.03718  0.002253         0
